compare=passes
group=LHC25ac_apass1
jira=O2-6071
passes=cpass0,apass1
ref_pass=cpass0
rewrite_input=false
rewrite_latex=true
rewrite_plots=true
runs:
563182
563183
563197
563263
563264
563279
563291
563317
563335
563336
563348
563429
563430
563442
563455
563467
563484
563497
563509
563523
563554
563555
563581
563582
563583
563598
563599
563611
563622
563680
563692
563694
563706
563717
563732
563734
563748
563750
563751
563848
563860
563889
563903
563904
563917
563918
563919
563946
563948
563982
563995
563996
563997
563998
563999